3339
325
3227
50
255
42
2445
742
230
3041
3030
3028
1931
3848
1321
1933
1514
2344
447
361
3211
247
3710
425
4817
2528
1845
931
217
4442
1317
4642
4249
2633
2234
431
2215
3610
1211
3945
2625
406
3023
2020
115
2443
303
303
2140
3529
4836
31
353
4939
2420
2726
3215
947
1226
1529
129
1735
206
00
2716
1427
2146
840
1744
3941
3844
2838
2923
3748
97
91
3528
3417
1538
4338
3526
135
3842
2244
3646
2737
3123
1921
2122
2218
744
527
83
2421
1413
3435
4614
226
531
4625
1613
2246
012
414
425
4436
835
4640
741
2640
014
25
2323
1217
1432
4712
411
451
1245
1736
1942
201
4524
411
919
332
1433
944
3718
2217
813
024
1014
1837
4931
1925
928
3235
2646
3132
494
95
444
4838
2023
11
1642
126
037
4947
1142
2047
4317
3837
2911
1031
4014
272
360
922
4111
1522
3648
4333
4221
410
4441
3111
148
3431
139
938
4111
3823
2212
1330
330
1020
1713
2914
125
1242
2547
422
299
1545
362
443
1011
843
3817
2112
3425
1028
4710
3516
2012
124
1511
3829
934
4212
3626
2345
273
3145
1415
00
1314
4746
2844
3128
4224
4133
144
3822
2038
3334
219
162
3931
3135
394
455
2741
2932
646
430
4820
2121
38
3510
3230
3327
228
1422
4518
1228
108
725
174
4511
2742
1718
1231
1040
4724
2830
424
023
248
3841
3310
718
4048
1914
1126
4543
2546
216
3020
1716
643
4615
157
4624
103
1740
4129
640
4636
231
1911
1637
427
2632
1927
435
3642
2032
3017
4924
289
2829
2141
4235
2446
231
3731
3422
1724
729
422
4230
1748
3443
2132
622
1536
3534
648
72
1526
112
382
101
3329
231
1146
2410
354
4041
2722
2821
4327
1715
2010
1945
3114
300
351
4147
4619
3124
3430
1437
461
70
30
1722
128
4718
309
491
2725
417
2226
1325
941
16
634
3336
2834
2930
3512
046
2424
1034
4439
715
151
3032
92
944
3629
1832
2348
490
4247
349
845
3413
727
4047
230
196
4632
813
442
3936
365
228
1625
1341
85
4236
3523
315
1045
832
2116
4740
4842
1733
3820
2846
03
57
524
2321
412
629
2326
1025
1046
618
2926
533
318
312
1412
3029
4040
4530
4142
2040
1914
4745
1633
283
26
2511
244
3333
2448
162
2027
1336
4448
385
1035
2517
912
3742
3035
4143
436
271
226
933
54
1037
3247
432
439
2315
439
3643
1544
1245
2419
345
2015
195
4938
4215
78
914
3524
3812
841
234
3320
99
2335
07
3623
414
169
1635
213
725
410
2412
4525
2221
29
3619
2228
301
633
2030
2941
2438
844
3722
37
4748
4444
4138
3522
3929
217
3625
1515
4418
734
3710
2810
158
3510
3819
3044
3714
1934
55
3540
16
346
1416
405
4932
1711
2111
24
4718
1210
528
3322
314
46
141
4739
387
1720
4016
158
475
4613
541
2522
4420
444
4543
91
913
2129
409
4912
3326
222
1620
215
3711
731
1339
3927
342
23
529
1241
403
269
2637
2916
4025
4517
1539
3912
290
4430
3331
3345
270
4922
1113
1746
4347
1448
2342
1622
4737
3438
1128
472
229
521
1944
3920
102
189
337
1531
177
107
3738
1833
3737
4536
3110
1239
3529
4946
4024
2745
1732
4136
4643
026
3516
2425
4239
3012
384
4724
1447
613
4037
15
3946
443
2016
3134
3519
212
3620
531
2043
2018
3948
125
3447
62
1326
3813
2531
735
3613
2211
720
1144
2526
2146
826
133
4142
2019
2913
249
1132
4539
2039
2315
4643
2411
426
4012
3623
171
2237
2627
2024
1730
842
920
1518
1528
197
1113
2127
67
252
2227
191
4512
2613
10
1714
1139
368
3538
1345
3448
4319
4828
423
1547
4933
4345
1810
2329
1226
743
2118
3546
1745
3322
1121
020
373
58
517
235
4844
127
313
1335
3612
1239
364
2820
182
526
405
738
2236
412
3721
1130
165
310
2117
3018
242
153
022
2235
477
3240
2822
345
1225
215
453
644
2639
324
1129
1426
3223
3435
4943
316
3016
1539
2029
4131
392
030
1513
4035
2836
2748
4312
3630
4840
3348
335
4736
4033
2641
3923
343
1930
4521
1717
1839
3035
2213
64
1633
2322
4313
4944
3723
384
4413
1343
4649
631
1838
4728
2321
167
924
2621
1435
535
1618
122
2521
323
2034
1332
1216
269
4916
319
2535
151
043
012
1443
445
2139
2317
828
1841
1821
4123
3733
1120
2827
3638
312
2340
929
2815
3511
4930
2824
4017
4738
2938
2113
3120
1541
1628
4030
4320
2231
141
2833
448
642
1045
2313
4324
2939
4920
284
4241
320
218
40
1446
2744
3836
4730
3811
327
3224
3636
1523
1329
3445
2516
1614
3922
4549
312
449
227
839
419
308
2248
4731
2324
2444
2612
3728
160
4535
185
4021
342
2436
4435
2142
4833
181
154
2934
1224
1847
2413
2320
298
350
044
438
1123
4547
2540
116
3436
348
137
176
3539
3315
4630
1148
3234
3442
516
710
202
4732
375
3911
2946
258
821
4423
1313
2634
1119
2718
4132
2717
4528
033
2837
2529
1616
932
336
166
4011
4223
1520
530
4913
337
4612
3525
114
1645
70
1627
4046
4217
3410
496
1728
1620
1314
178
4211
2133
2832
344
3948
275
2937
340
137
1114
1937
513
1643
2719
2934
2021
446
224
199
638
3038
2944
3521
212
40
1821
2747
35
4641
1024
492
192
3936
2035
495
4848
2442
017
3325
4137
4032
532
711
2732
01
625
1127
418
1138
3732
3210
450
2327
4130
4529
4520
4135
119
4411
2346
438
3416
3043
4518
016
638
4730
149
1112
932
1915
019
032
143
313
3942
3128
2031
447
2538
371
238
69
2740
1039
1737
10
3541
321
336
330
2638
3115
4145
4134
3432
942
1229
3231
4348
1439
3421
1646
463
123
3917
1246
3343
2014
1818
1823
2125
1218
819
3735
1747
3535
469
3913
3027
1545
4633
536
2940
2819
3237
2631
84
3926
4826
4337
3441
71
1519
3842
97
1043
314
3015
3141
3324
1136
3530
717
548
125
1721
2645
2439
3347
2417
4244
424
2928
3016
4122
207
77
423
76
1731
1535
1727
2245
1214
1814
3724
1927
4548
468
2518
1946
522
830
3340
4023
299
2033
2812
2310
2834
30
127
164
1311
73
260
2341
4522
834
3330
464
2414
2835
221
2628
626
4332
49
2943
211
113
137
43
3233
2933
4516
4118
4214
1340
4017
1918
4434
3147
630
3726
313
1742
1830
2910
1420
348
1017
1526
407
2845
3126
2227
163
4130
67
2822
1018
4822
244
225
1433
2115
4139
4245
2045
232
4329
3747
2813
4612
4847
3039
2729
2334
4846
82
4648
4225
619
36
4827
4126
225
4647
327
4538
2210
1723
4314
2521
4148
337
4542
246
1029
034
4112
192
219
1135
1248
4644
3135
4610
1417
2714
2537
118
3635
4426
344
2135
3146
510
3031
395
1630
1428
2437
12
175
3313
2339
4531
3142
239
723
538
2346
4443
4532
3729
2319
20
4036
3444
838
4940
81
632
1022
292
4541
2040
3243
2224
1019
3448
1131
287
2239
1543
916
2915
819
3219
2017
4411
921
3344
4029
146
2441
1946
121
2640
1524
4624
485
1645
59
4116
320
4341
2614
2823
2134
2440
4421
2428
3918
1835
229
143
4841
4248
2232
432
3427
343
4242
2418
2512
115
4317
2144
3412
357
4346
3917
413
4330
374
250
3723
2216
3139
111
74
3846
1634
111
1036
1042
2343
331
829
4428
1720
323
3616
315
3136
380
50
1044
3236
14
4712
822
4546
1221
202
77
1848
4630
3830
204
3518
4430
3010
4845
1232
334
136
4629
2327
1534
3024
2312
3137
719
4446
3717
4545
2240
4849
3745
3924
4342
4519
3244
2543
3411
1310
736
3245
826
267
2042
1010
926
2847
745
334
354
2816
3047
4323
09
2115
220
911
4713
4110
3542
448
3615
2221
3341
80
4140
17
035
139
458
641
1612
3046
818
3717
183
4028
3911
4618
121
429
1514
4424
4440
719
3414
2427
3347
4926
1048
1910
4216
184
